A new bucket
2000002000200202202001020
0000002002002000002002001
2000000000002022200202020
2000222000000020002300200
0200000000000100000200000

0020200220000202000010200
0002000000200020020000000
2002012010020000030020000
0000000000002000002002000
0020000200020000000000000

0000000000000000000202022
0002000000100200000002002
0020222000200220100200020
0002000000202020000022030
0000000020000200000200000

0022002212022000021002020
2002200200023000020002220
0000200200000001000000000
2000000200100000000000002
2000000001002222020120002

