A new bucket:
1000001000110101101001111
1000001001001000001001011
1000000100001111100111111
1000111000100010001001110
0111000010110110110100001

0110100110101101000000110
0001001011100010111000011
1001001010010011000011001
0001110011001110011001101
0110001101111100010101000

0101000011000110001111111
0111000000101100100011011
0010111001100110110110010
0001010000101010011011000
1000010110010100100100000

0111101111011001111001110
1001101100110100010001111
0000100101100000000010010
1101010100100010000001011
1000011101001111011010111

